# Time [s], Convective Heat Transfer Coefficient [W/m2K]
1.000000000000000000e+00,0.000000000000000000e+00
2.000000000000000000e+00,0.000000000000000000e+00
3.000000000000000000e+00,0.000000000000000000e+00
4.000000000000000000e+00,0.000000000000000000e+00
5.000000000000000000e+00,2.762023300960968902e-02
6.000000000000000000e+00,4.559999999962457279e-02
7.000000000000000000e+00,7.304961211241239871e-02
8.000000000000000000e+00,1.107678967930439268e-01
9.000000000000000000e+00,1.588322919269780087e-01
1.000000000000000000e+01,2.176023716581128864e-01
1.100000000000000000e+01,2.867788708435954348e-01
1.200000000000000000e+01,3.655899548271294708e-01
1.300000000000000000e+01,4.530764068789975285e-01
1.400000000000000000e+01,5.480782193922123513e-01
1.500000000000000000e+01,6.494524457179982058e-01
1.600000000000000000e+01,7.560866575915421439e-01
1.700000000000000000e+01,8.669548103362700875e-01
1.800000000000000000e+01,9.811446218992261326e-01
1.900000000000000000e+01,1.097853851787039092e+00
2.000000000000000000e+01,1.216391748779945825e+00
2.100000000000000000e+01,1.336156431609276440e+00
2.200000000000000000e+01,1.456655635488821598e+00
2.300000000000000000e+01,1.577451516717945701e+00
2.400000000000000000e+01,1.698198653648540057e+00
2.500000000000000000e+01,1.818595390559318181e+00
2.600000000000000000e+01,1.938392358339961818e+00
2.700000000000000000e+01,2.057384465070772883e+00
2.800000000000000000e+01,2.175405245505922736e+00
2.900000000000000000e+01,2.292315168616880783e+00
3.000000000000000000e+01,2.408002305167345813e+00
3.100000000000000000e+01,2.522379314070421152e+00
3.200000000000000000e+01,2.635367562703418542e+00
3.300000000000000000e+01,2.746918509641971262e+00
3.400000000000000000e+01,2.856988755637281496e+00
3.500000000000000000e+01,2.965546974183594475e+00
3.600000000000000000e+01,3.072573685430441959e+00
3.700000000000000000e+01,3.178052688513050228e+00
3.800000000000000000e+01,3.281979358769938848e+00
3.900000000000000000e+01,3.384352517820242934e+00
4.000000000000000000e+01,3.485173934854565836e+00
4.100000000000000000e+01,3.584458251619984548e+00
4.200000000000000000e+01,3.682214211753023214e+00
4.300000000000000000e+01,3.778456059561504432e+00
4.400000000000000000e+01,3.873200071440183745e+00
4.500000000000000000e+01,3.966465461007707471e+00
4.600000000000000000e+01,4.058272421375389349e+00
4.700000000000000000e+01,4.148645646343079640e+00
4.800000000000000000e+01,4.237605257378223023e+00
4.900000000000000000e+01,4.325173748046598377e+00
5.000000000000000000e+01,4.411371182500271715e+00
5.100000000000000000e+01,4.496224453910085295e+00
5.200000000000000000e+01,4.579755133395260636e+00
5.300000000000000000e+01,4.666372798138143096e+00
5.400000000000000000e+01,4.748805457912030903e+00
5.500000000000000000e+01,4.829268228605932300e+00
5.600000000000000000e+01,4.908251775734069788e+00
5.700000000000000000e+01,4.985862446525399783e+00
5.800000000000000000e+01,5.062176513314357251e+00
5.900000000000000000e+01,5.137242473632219308e+00
6.000000000000000000e+01,5.211101709711244645e+00
6.100000000000000000e+01,5.283790199323951775e+00
6.200000000000000000e+01,5.355337674508196422e+00
6.300000000000000000e+01,5.425769579983626301e+00
6.400000000000000000e+01,5.495115794951781929e+00
6.500000000000000000e+01,5.563394972612732303e+00
6.600000000000000000e+01,5.630633355432765441e+00
6.700000000000000000e+01,5.696852767832636388e+00
6.800000000000000000e+01,5.762073254671311595e+00
6.900000000000000000e+01,5.826309716490641222e+00
7.000000000000000000e+01,5.889586256778413187e+00
7.100000000000000000e+01,5.951917373433846414e+00
7.200000000000000000e+01,6.013320368150810502e+00
7.300000000000000000e+01,6.073813387039778355e+00
7.400000000000000000e+01,6.133412170593097734e+00
7.500000000000000000e+01,6.192129740178946129e+00
7.600000000000000000e+01,6.249985018490739286e+00
7.700000000000000000e+01,6.306992242358893108e+00
7.800000000000000000e+01,6.363165149065322268e+00
7.900000000000000000e+01,6.418520527291317279e+00
8.000000000000000000e+01,6.473071409789270980e+00
8.100000000000000000e+01,6.526835094225091893e+00
8.200000000000000000e+01,6.579826300857821941e+00
8.300000000000000000e+01,6.632057555864763643e+00
8.400000000000000000e+01,6.683541973973519568e+00
8.500000000000000000e+01,6.734293981437429188e+00
8.600000000000000000e+01,6.784328705593063447e+00
8.700000000000000000e+01,6.833659414716383829e+00
8.800000000000000000e+01,6.882299871883439835e+00
8.900000000000000000e+01,6.930266004751918452e+00
9.000000000000000000e+01,6.977570949687572188e+00
9.100000000000000000e+01,7.024226899234710331e+00
9.200000000000000000e+01,7.070245397513783558e+00
9.300000000000000000e+01,7.115639461985282743e+00
9.400000000000000000e+01,7.160423263040502917e+00
9.500000000000000000e+01,7.204608897825437452e+00
9.600000000000000000e+01,7.248207854578121889e+00
9.700000000000000000e+01,7.291234353100494836e+00
9.800000000000000000e+01,7.333699964995774145e+00
9.900000000000000000e+01,7.375614198337441252e+00
1.000000000000000000e+02,7.416988445056965418e+00
1.010000000000000000e+02,7.457835037166305803e+00
1.020000000000000000e+02,7.498163034919838488e+00
1.030000000000000000e+02,7.537984789394463370e+00
1.040000000000000000e+02,7.577310064876130014e+00
1.050000000000000000e+02,7.616148394438099878e+00
1.060000000000000000e+02,7.654510092810983934e+00
1.070000000000000000e+02,7.692403450756467365e+00
1.080000000000000000e+02,7.729837774646537873e+00
1.090000000000000000e+02,7.766823728107004499e+00
1.100000000000000000e+02,7.803369618645750627e+00
1.110000000000000000e+02,7.839481128620390926e+00
1.120000000000000000e+02,7.875170118639611694e+00
1.130000000000000000e+02,7.910443316021408933e+00
1.140000000000000000e+02,7.945306252820782511e+00
1.150000000000000000e+02,7.979769201488147168e+00
1.160000000000000000e+02,8.013839501253212205e+00
1.170000000000000000e+02,8.047522407382402321e+00
1.180000000000000000e+02,8.080826377617494671e+00
1.190000000000000000e+02,8.113757964530618594e+00
1.200000000000000000e+02,8.146322247087100621e+00
1.210000000000000000e+02,8.178528315540827265e+00
1.220000000000000000e+02,8.210379739789528841e+00
1.230000000000000000e+02,8.241883571917290041e+00
1.240000000000000000e+02,8.273045255566797707e+00
1.250000000000000000e+02,8.303871743446208598e+00
1.260000000000000000e+02,8.334367061884007555e+00
1.270000000000000000e+02,8.364538106906463710e+00
1.280000000000000000e+02,8.394388894832353287e+00
1.290000000000000000e+02,8.423926108898234233e+00
1.300000000000000000e+02,8.453152782703678980e+00
1.310000000000000000e+02,8.482075585584494704e+00
1.320000000000000000e+02,8.510697428231628336e+00
1.330000000000000000e+02,8.539024010973575329e+00
1.340000000000000000e+02,8.567058310144714639e+00
1.350000000000000000e+02,8.594806055373123144e+00
1.360000000000000000e+02,8.622271705965546928e+00
1.370000000000000000e+02,8.649457240668199987e+00
1.380000000000000000e+02,8.676367678129166094e+00
1.390000000000000000e+02,8.703008974875716675e+00
1.400000000000000000e+02,8.729382007283113865e+00
1.410000000000000000e+02,8.755490359776189280e+00
1.420000000000000000e+02,8.781338575019653092e+00
1.430000000000000000e+02,8.806930315813282562e+00
1.440000000000000000e+02,8.832268241432931433e+00
1.450000000000000000e+02,8.857355827393355696e+00
1.460000000000000000e+02,8.882196452840897649e+00
1.470000000000000000e+02,8.906792666202905551e+00
1.480000000000000000e+02,8.931147382614504693e+00
1.490000000000000000e+02,8.955264020468986175e+00
1.500000000000000000e+02,8.979144601165481632e+00
1.510000000000000000e+02,9.002792386276281533e+00
1.520000000000000000e+02,9.026209977841720189e+00
1.530000000000000000e+02,9.049399764833196969e+00
1.540000000000000000e+02,9.072364640163156579e+00
1.550000000000000000e+02,9.095106148881560770e+00
1.560000000000000000e+02,9.117627197522782723e+00
1.570000000000000000e+02,9.139930900056160823e+00
1.580000000000000000e+02,9.162017226668069725e+00
1.590000000000000000e+02,9.183889602366900107e+00
1.600000000000000000e+02,9.205550266896709743e+00
1.610000000000000000e+02,9.227002365528074179e+00
1.620000000000000000e+02,9.248248696931437252e+00
1.630000000000000000e+02,9.269292811725071246e+00
1.640000000000000000e+02,9.290138724979422946e+00
1.650000000000000000e+02,9.310789016344823921e+00
1.660000000000000000e+02,9.331245400252381472e+00
1.670000000000000000e+02,9.351508611331800225e+00
1.680000000000000000e+02,9.371581091368776484e+00
1.690000000000000000e+02,9.391463369683744844e+00
1.700000000000000000e+02,9.411156218298527776e+00
1.710000000000000000e+02,9.430658935771566220e+00
1.720000000000000000e+02,9.449972916543526225e+00
1.730000000000000000e+02,9.469098213772900507e+00
1.740000000000000000e+02,9.488034346492129956e+00
1.750000000000000000e+02,9.506782900354361132e+00
1.760000000000000000e+02,9.525343229455037530e+00
1.770000000000000000e+02,9.543715841082969220e+00
1.780000000000000000e+02,9.561901477160164475e+00
1.790000000000000000e+02,9.579899579161878620e+00
1.800000000000000000e+02,9.597711616313029381e+00
1.810000000000000000e+02,9.615336363365582173e+00
1.820000000000000000e+02,9.632775248138552016e+00
1.830000000000000000e+02,9.650026772520817531e+00
1.840000000000000000e+02,9.667091449541240777e+00
1.850000000000000000e+02,9.683970144942659175e+00
1.860000000000000000e+02,9.700660961190642695e+00
1.870000000000000000e+02,9.717165235209833440e+00
1.880000000000000000e+02,9.733481305473615564e+00
1.890000000000000000e+02,9.749608748927585111e+00
1.900000000000000000e+02,9.765547255326467280e+00
1.910000000000000000e+02,9.781296992159905557e+00
1.920000000000000000e+02,9.796855425694001696e+00
1.930000000000000000e+02,9.812222104884140705e+00
1.940000000000000000e+02,9.827396567662594506e+00
1.950000000000000000e+02,9.842377494900015122e+00
1.960000000000000000e+02,9.857164168650205838e+00
1.970000000000000000e+02,9.871755141304250358e+00
1.980000000000000000e+02,9.886149203961355880e+00
1.990000000000000000e+02,9.900345860041728230e+00
2.000000000000000000e+02,9.914342813710121050e+00
2.010000000000000000e+02,9.928139319825174169e+00
2.020000000000000000e+02,9.941734385200129864e+00
2.030000000000000000e+02,9.955126062790437658e+00
2.040000000000000000e+02,9.968313584274911321e+00
2.050000000000000000e+02,9.981295581351767865e+00
2.060000000000000000e+02,9.994071264943109156e+00
2.070000000000000000e+02,1.000663913128850524e+01
2.080000000000000000e+02,1.001899790322779715e+01
2.090000000000000000e+02,1.003114769006376150e+01
2.100000000000000000e+02,1.004308602446341503e+01
2.110000000000000000e+02,1.005481275545245623e+01
2.120000000000000000e+02,1.006632782587762520e+01
2.130000000000000000e+02,1.007762977271221416e+01
2.140000000000000000e+02,1.008871896262017565e+01
2.150000000000000000e+02,1.009959481722243524e+01
2.160000000000000000e+02,1.011025673922461188e+01
2.170000000000000000e+02,1.012070651221457140e+01
2.180000000000000000e+02,1.013094337192399408e+01
2.190000000000000000e+02,1.014096744682619722e+01
2.200000000000000000e+02,1.015078043072247560e+01
2.210000000000000000e+02,1.016038307321217893e+01
2.220000000000000000e+02,1.016977722627162706e+01
2.230000000000000000e+02,1.017896413977963022e+01
2.240000000000000000e+02,1.018794514411419527e+01
2.250000000000000000e+02,1.019672277570211882e+01
2.260000000000000000e+02,1.020539484340204162e+01
2.270000000000000000e+02,1.021383227074139199e+01
2.280000000000000000e+02,1.022207530520385355e+01
2.290000000000000000e+02,1.023013606005176435e+01
2.300000000000000000e+02,1.023801616713814866e+01
2.310000000000000000e+02,1.024571533468803963e+01
2.320000000000000000e+02,1.025323236402553739e+01
2.330000000000000000e+02,1.026056771325939287e+01
2.340000000000000000e+02,1.026772281904943540e+01
2.350000000000000000e+02,1.027470153155329768e+01
2.360000000000000000e+02,1.028150821633986212e+01
2.370000000000000000e+02,1.028814786286746852e+01
2.380000000000000000e+02,1.029462740737315940e+01
2.390000000000000000e+02,1.030095219217995783e+01
2.400000000000000000e+02,1.030712906251461369e+01
2.410000000000000000e+02,1.031316360773328888e+01
2.420000000000000000e+02,1.031906247892611717e+01
2.430000000000000000e+02,1.032483140783660147e+01
2.440000000000000000e+02,1.033047696856106334e+01
2.450000000000000000e+02,1.033600547865914798e+01
2.460000000000000000e+02,1.034142234520992254e+01
2.470000000000000000e+02,1.034673360166190115e+01
2.480000000000000000e+02,1.035194492264619015e+01
2.490000000000000000e+02,1.035706249991964434e+01
2.500000000000000000e+02,1.036209184163194053e+01
2.510000000000000000e+02,1.036703821229904143e+01
2.520000000000000000e+02,1.037190685244904387e+01
2.530000000000000000e+02,1.037670384923683642e+01
2.540000000000000000e+02,1.038143341790788909e+01
2.550000000000000000e+02,1.038610073246699272e+01
2.560000000000000000e+02,1.039071127139820483e+01
2.570000000000000000e+02,1.039526973362456275e+01
2.580000000000000000e+02,1.039978101653307796e+01
2.590000000000000000e+02,1.040424935042678456e+01
2.600000000000000000e+02,1.040867862590819470e+01
2.610000000000000000e+02,1.041307423089893014e+01
2.620000000000000000e+02,1.041743937715929214e+01
2.630000000000000000e+02,1.042177812740373533e+01
2.640000000000000000e+02,1.042609463813064608e+01
2.650000000000000000e+02,1.043039240621784458e+01
2.660000000000000000e+02,1.043467513186092255e+01
2.670000000000000000e+02,1.043894585846122069e+01
2.680000000000000000e+02,1.044320847807781227e+01
2.690000000000000000e+02,1.044746569031634031e+01
2.700000000000000000e+02,1.045172115042248251e+01
2.710000000000000000e+02,1.045597753808972641e+01
2.720000000000000000e+02,1.046023816620789226e+01
2.730000000000000000e+02,1.046450494718738256e+01
2.740000000000000000e+02,1.046878106891396598e+01
2.750000000000000000e+02,1.047306928191445330e+01
2.760000000000000000e+02,1.047737190107551086e+01
2.770000000000000000e+02,1.048169112700374406e+01
2.780000000000000000e+02,1.048602925934211072e+01
2.790000000000000000e+02,1.049038848353289843e+01
2.800000000000000000e+02,1.049561001424723727e+01
2.810000000000000000e+02,1.050040350082699092e+01
2.820000000000000000e+02,1.050507646458224720e+01
2.830000000000000000e+02,1.050970680370311072e+01
2.840000000000000000e+02,1.051430913566571235e+01
2.850000000000000000e+02,1.051890352763429526e+01
2.860000000000000000e+02,1.052350426861410249e+01
2.870000000000000000e+02,1.052812506960556327e+01
2.880000000000000000e+02,1.053277410642346368e+01
2.890000000000000000e+02,1.053745731171177624e+01
2.900000000000000000e+02,1.054218017505858285e+01
2.910000000000000000e+02,1.054694753408834096e+01
2.920000000000000000e+02,1.055176252559331829e+01
2.930000000000000000e+02,1.055662921894834660e+01
2.940000000000000000e+02,1.056154788901546659e+01
2.950000000000000000e+02,1.056652237268490424e+01
2.960000000000000000e+02,1.057155429094481747e+01
2.970000000000000000e+02,1.057664546591819565e+01
2.980000000000000000e+02,1.058179886057110153e+01
2.990000000000000000e+02,1.058701543970460435e+01
3.000000000000000000e+02,1.059229626623904252e+01
3.010000000000000000e+02,1.059764656554505002e+01
3.020000000000000000e+02,1.060306456287761812e+01
3.030000000000000000e+02,1.060855316858124908e+01
3.040000000000000000e+02,1.061411642097923647e+01
3.050000000000000000e+02,1.061975553572105113e+01
3.060000000000000000e+02,1.062547213457262885e+01
3.070000000000000000e+02,1.063127114300804799e+01
3.080000000000000000e+02,1.063715290898098154e+01
3.090000000000000000e+02,1.064312180505272742e+01
3.100000000000000000e+02,1.064918011528003916e+01
3.110000000000000000e+02,1.065533031478734394e+01
3.120000000000000000e+02,1.066157712789814305e+01
3.130000000000000000e+02,1.066792247412164940e+01
3.140000000000000000e+02,1.067436969636953847e+01
3.150000000000000000e+02,1.068092303878857585e+01
3.160000000000000000e+02,1.068758692307641311e+01
3.170000000000000000e+02,1.069436338762783834e+01
3.180000000000000000e+02,1.070126017735211654e+01
3.190000000000000000e+02,1.070828110964953339e+01
3.200000000000000000e+02,1.071542874945532198e+01
3.210000000000000000e+02,1.072270451859256646e+01
3.220000000000000000e+02,1.073011846349652210e+01
3.230000000000000000e+02,1.073767396488777948e+01
3.240000000000000000e+02,1.074537883353806400e+01
3.250000000000000000e+02,1.075323798801786701e+01
3.260000000000000000e+02,1.076125903353297986e+01
3.270000000000000000e+02,1.076944769810178038e+01
3.280000000000000000e+02,1.077780744154573789e+01
3.290000000000000000e+02,1.078634591083418393e+01
3.300000000000000000e+02,1.079507239376309968e+01
3.310000000000000000e+02,1.080399890580917877e+01
3.320000000000000000e+02,1.081312704830374471e+01
3.330000000000000000e+02,1.082246578359205635e+01
3.340000000000000000e+02,1.083202817687674013e+01
3.350000000000000000e+02,1.084181820982870725e+01
3.360000000000000000e+02,1.085184855251552705e+01
3.370000000000000000e+02,1.086213075627146374e+01
3.380000000000000000e+02,1.087267486234575919e+01
3.390000000000000000e+02,1.088348782984590457e+01
3.400000000000000000e+02,1.089458904598979316e+01
3.410000000000000000e+02,1.090598371779833364e+01
3.420000000000000000e+02,1.091768059220711962e+01
3.430000000000000000e+02,1.092969318793549682e+01
3.440000000000000000e+02,1.094203993189498014e+01
3.450000000000000000e+02,1.095472819391201647e+01
3.460000000000000000e+02,1.096776764050903097e+01
3.470000000000000000e+02,1.098117787071223894e+01
3.480000000000000000e+02,1.099495971904183200e+01
3.490000000000000000e+02,1.100913353641438341e+01
3.500000000000000000e+02,1.102369760658504205e+01
3.510000000000000000e+02,1.103867012269128978e+01
3.520000000000000000e+02,1.105405001640962226e+01
3.530000000000000000e+02,1.106984549387228434e+01
3.540000000000000000e+02,1.108605418407219467e+01
3.550000000000000000e+02,1.110267212155014960e+01
3.560000000000000000e+02,1.111969490804166583e+01
3.570000000000000000e+02,1.113711007713979839e+01
3.580000000000000000e+02,1.115489910717969657e+01
3.590000000000000000e+02,1.117304315432687467e+01
3.600000000000000000e+02,1.119150914455203782e+01
3.610000000000000000e+02,1.121026036327192088e+01
3.620000000000000000e+02,1.122925820721090595e+01
3.630000000000000000e+02,1.124845400164085163e+01
3.640000000000000000e+02,1.126779389291198186e+01
3.650000000000000000e+02,1.128722033337717789e+01
3.660000000000000000e+02,1.130667133499816934e+01
3.670000000000000000e+02,1.132608922370130244e+01
3.680000000000000000e+02,1.134541420289604474e+01
3.690000000000000000e+02,1.136458837432930125e+01
3.700000000000000000e+02,1.138356129774097703e+01
3.710000000000000000e+02,1.140228850293211238e+01
3.720000000000000000e+02,1.142073254284051842e+01
3.730000000000000000e+02,1.143886465297890886e+01
3.740000000000000000e+02,1.145666566888950122e+01
3.750000000000000000e+02,1.147412444240313434e+01
3.760000000000000000e+02,1.149123239261885843e+01
3.770000000000000000e+02,1.150799150552501438e+01
3.780000000000000000e+02,1.152440501179829013e+01
3.790000000000000000e+02,1.154048563221815726e+01
3.800000000000000000e+02,1.155623862002853031e+01
3.810000000000000000e+02,1.157168144914945529e+01
3.820000000000000000e+02,1.158682691600522041e+01
3.830000000000000000e+02,1.160168633844199526e+01
3.840000000000000000e+02,1.161627851533149602e+01
3.850000000000000000e+02,1.163061259136340553e+01
3.860000000000000000e+02,1.164470277080704008e+01
3.870000000000000000e+02,1.165856154330580630e+01
3.880000000000000000e+02,1.167219893576463008e+01
3.890000000000000000e+02,1.168562580246335791e+01
3.900000000000000000e+02,1.169884962797938499e+01
3.910000000000000000e+02,1.171187883508082628e+01
3.920000000000000000e+02,1.172472286184217616e+01
3.930000000000000000e+02,1.173738866933101122e+01
3.940000000000000000e+02,1.174988238151588149e+01
3.950000000000000000e+02,1.176220751900186734e+01
3.960000000000000000e+02,1.177437338673761325e+01
3.970000000000000000e+02,1.178638305029649480e+01
3.980000000000000000e+02,1.179823937156778513e+01
3.990000000000000000e+02,1.180995113828823584e+01
4.000000000000000000e+02,1.182151742640385095e+01
4.010000000000000000e+02,1.183294508521501953e+01
4.020000000000000000e+02,1.184423739813197507e+01
4.030000000000000000e+02,1.185539711595760615e+01
4.040000000000000000e+02,1.186642837451339538e+01
4.050000000000000000e+02,1.187733195260573282e+01
4.060000000000000000e+02,1.188811226088282424e+01
4.070000000000000000e+02,1.189877176981606688e+01
4.080000000000000000e+02,1.190931152286527706e+01
4.090000000000000000e+02,1.191973658713731510e+01
4.100000000000000000e+02,1.193004713600988786e+01
4.110000000000000000e+02,1.194024604566508430e+01
4.120000000000000000e+02,1.195033559352986785e+01
4.130000000000000000e+02,1.196031721823622540e+01
4.140000000000000000e+02,1.197019348762571411e+01
4.150000000000000000e+02,1.197996531658042052e+01
4.160000000000000000e+02,1.198963523803622166e+01
4.170000000000000000e+02,1.199920430070934785e+01
4.180000000000000000e+02,1.200867435405279338e+01
4.190000000000000000e+02,1.201804642119803646e+01
4.200000000000000000e+02,1.202732232404357937e+01
4.210000000000000000e+02,1.203650314210837813e+01
4.220000000000000000e+02,1.204558913770133799e+01
4.230000000000000000e+02,1.205458435392387884e+01
4.240000000000000000e+02,1.206348854295421447e+01
4.250000000000000000e+02,1.207230265974197714e+01
4.260000000000000000e+02,1.208102748979035113e+01
4.270000000000000000e+02,1.208966597310714874e+01
4.280000000000000000e+02,1.209821743070883038e+01
4.290000000000000000e+02,1.210668373993680547e+01
4.300000000000000000e+02,1.211506612647684378e+01
4.310000000000000000e+02,1.212336500975723119e+01
4.320000000000000000e+02,1.213158167885030636e+01
4.330000000000000000e+02,1.213971788953163156e+01
4.340000000000000000e+02,1.214777252963942722e+01
4.350000000000000000e+02,1.215574932262997976e+01
4.360000000000000000e+02,1.216364603583558335e+01
4.370000000000000000e+02,1.217146652982724930e+01
4.380000000000000000e+02,1.217920903967922364e+01
4.390000000000000000e+02,1.218687622066285314e+01
4.400000000000000000e+02,1.219446850806337146e+01
4.410000000000000000e+02,1.220198704019305502e+01
4.420000000000000000e+02,1.220943208360852239e+01
4.430000000000000000e+02,1.221680343065053087e+01
4.440000000000000000e+02,1.222410471091649775e+01
4.450000000000000000e+02,1.223133374430587317e+01
4.460000000000000000e+02,1.223849312623027785e+01
4.470000000000000000e+02,1.224558325204009712e+01
4.480000000000000000e+02,1.225260420128560490e+01
4.490000000000000000e+02,1.225955675206178519e+01
4.500000000000000000e+02,1.226644261048682694e+01
4.510000000000000000e+02,1.227326230739111423e+01
4.520000000000000000e+02,1.228001574833433907e+01
4.530000000000000000e+02,1.228670307002121476e+01
4.540000000000000000e+02,1.229332587838218771e+01
4.550000000000000000e+02,1.229988538372108664e+01
4.560000000000000000e+02,1.230638132083154623e+01
4.570000000000000000e+02,1.231281427322987376e+01
4.580000000000000000e+02,1.231918590013849268e+01
4.590000000000000000e+02,1.232549592588721765e+01
4.600000000000000000e+02,1.233174545987399284e+01
4.610000000000000000e+02,1.233793475949770269e+01
4.620000000000000000e+02,1.234406384907248189e+01
4.630000000000000000e+02,1.235013443968838409e+01
4.640000000000000000e+02,1.235614524394148361e+01
4.650000000000000000e+02,1.236209926745829790e+01
4.660000000000000000e+02,1.236799567652631993e+01
4.670000000000000000e+02,1.237383562698128081e+01
4.680000000000000000e+02,1.237961965782707452e+01
4.690000000000000000e+02,1.238534853361642263e+01
4.700000000000000000e+02,1.239102278600778995e+01
4.710000000000000000e+02,1.239664202932442194e+01
4.720000000000000000e+02,1.240220701953810511e+01
4.730000000000000000e+02,1.240771828049610725e+01
4.740000000000000000e+02,1.241317732052521450e+01
4.750000000000000000e+02,1.241858427515876606e+01
4.760000000000000000e+02,1.242393935410557759e+01
4.770000000000000000e+02,1.242924268939349020e+01
4.780000000000000000e+02,1.243449478997126967e+01
4.790000000000000000e+02,1.243969767484103706e+01
4.800000000000000000e+02,1.244485010504927303e+01
4.810000000000000000e+02,1.244995303478110671e+01
4.820000000000000000e+02,1.245500718762022885e+01
4.830000000000000000e+02,1.246001343454567234e+01
4.840000000000000000e+02,1.246497113591212802e+01
4.850000000000000000e+02,1.246988213734719153e+01
4.860000000000000000e+02,1.247474564490491922e+01
4.870000000000000000e+02,1.247956221908349939e+01
4.880000000000000000e+02,1.248433339405827347e+01
4.890000000000000000e+02,1.248905837184110723e+01
4.900000000000000000e+02,1.249373853074113683e+01
4.910000000000000000e+02,1.249837441971550511e+01
4.920000000000000000e+02,1.250296493779360141e+01
4.930000000000000000e+02,1.250751272776910383e+01
4.940000000000000000e+02,1.251201571310572547e+01
4.950000000000000000e+02,1.251647667927351293e+01
4.960000000000000000e+02,1.252089437087894019e+01
4.970000000000000000e+02,1.252527074376729921e+01
4.980000000000000000e+02,1.252960439211795673e+01
4.990000000000000000e+02,1.253389734084357698e+01
5.000000000000000000e+02,1.253814825770198382e+01
5.010000000000000000e+02,1.254235945954887477e+01
5.020000000000000000e+02,1.254653020737353764e+01
5.030000000000000000e+02,1.255066095244998436e+01
5.040000000000000000e+02,1.255475281254650355e+01
5.050000000000000000e+02,1.255880474949415593e+01
5.060000000000000000e+02,1.256281884229487922e+01
5.070000000000000000e+02,1.256679412488423253e+01
5.080000000000000000e+02,1.257073118861582905e+01
5.090000000000000000e+02,1.257463099286423613e+01
5.100000000000000000e+02,1.257849412406381440e+01
5.110000000000000000e+02,1.258231961383274289e+01
5.120000000000000000e+02,1.258610849073919269e+01
5.130000000000000000e+02,1.258986133714862632e+01
5.140000000000000000e+02,1.259357902869015433e+01
5.150000000000000000e+02,1.259726029914681966e+01
5.160000000000000000e+02,1.260090698106747809e+01
5.170000000000000000e+02,1.260451883913268745e+01
5.180000000000000000e+02,1.260809659533516225e+01
5.190000000000000000e+02,1.261163964473735177e+01
5.200000000000000000e+02,1.261514870725575754e+01
5.210000000000000000e+02,1.261862450068126407e+01
5.220000000000000000e+02,1.262206744681537707e+01
5.230000000000000000e+02,1.262547796605261929e+01
5.240000000000000000e+02,1.262885530304415838e+01
5.250000000000000000e+02,1.263220039081958035e+01
5.260000000000000000e+02,1.263551379335657998e+01
5.270000000000000000e+02,1.263879541345574609e+01
5.280000000000000000e+02,1.264204581286735163e+01
5.290000000000000000e+02,1.264526511250122809e+01
5.300000000000000000e+02,1.264845416428845404e+01
5.310000000000000000e+02,1.265161257475102374e+01
5.320000000000000000e+02,1.265474090104675930e+01
5.330000000000000000e+02,1.265783911432618858e+01
5.340000000000000000e+02,1.266090769657363602e+01
5.350000000000000000e+02,1.266394720143166275e+01
5.360000000000000000e+02,1.266695767039887954e+01
5.370000000000000000e+02,1.266993950912704747e+01
5.380000000000000000e+02,1.267289290346735520e+01
5.390000000000000000e+02,1.267581811141365300e+01
5.400000000000000000e+02,1.267871582705227063e+01
5.410000000000000000e+02,1.268158557824030552e+01
5.420000000000000000e+02,1.268442820294558970e+01
5.430000000000000000e+02,1.268724388278430126e+01
5.440000000000000000e+02,1.269003250795552162e+01
5.450000000000000000e+02,1.269279425916190718e+01
5.460000000000000000e+02,1.269552989749353067e+01
5.470000000000000000e+02,1.269823960163453513e+01
5.480000000000000000e+02,1.270092333195859524e+01
5.490000000000000000e+02,1.270358119367537952e+01
5.500000000000000000e+02,1.270621437911369433e+01
5.510000000000000000e+02,1.270882175908605305e+01
5.520000000000000000e+02,1.271140466917499445e+01
5.530000000000000000e+02,1.271396306656720654e+01
5.540000000000000000e+02,1.271649698063652956e+01
5.550000000000000000e+02,1.271900658516042881e+01
5.560000000000000000e+02,1.272149255970114190e+01
5.570000000000000000e+02,1.272395471484790619e+01
5.580000000000000000e+02,1.272639293350464307e+01
5.590000000000000000e+02,1.272880861573288591e+01
5.600000000000000000e+02,1.273120084811981023e+01
5.610000000000000000e+02,1.273357066765669821e+01
5.620000000000000000e+02,1.273591752184535864e+01
5.630000000000000000e+02,1.273824201304500470e+01
5.640000000000000000e+02,1.274054445404001612e+01
5.650000000000000000e+02,1.274282544530251648e+01
5.660000000000000000e+02,1.274508443319385087e+01
5.670000000000000000e+02,1.274732158504091828e+01
5.680000000000000000e+02,1.274953728376235240e+01
5.690000000000000000e+02,1.275173241546227310e+01
5.700000000000000000e+02,1.275390613766104053e+01
5.710000000000000000e+02,1.275605933540881942e+01
5.720000000000000000e+02,1.275819210127810344e+01
5.730000000000000000e+02,1.276030438374145604e+01
5.740000000000000000e+02,1.276239713732354630e+01
5.750000000000000000e+02,1.276446944711698528e+01
5.760000000000000000e+02,1.276652183568073973e+01
5.770000000000000000e+02,1.276855511191957326e+01
5.780000000000000000e+02,1.277056850443020153e+01
5.790000000000000000e+02,1.277256282122157316e+01
5.800000000000000000e+02,1.277453858219162264e+01
5.810000000000000000e+02,1.277649537419250692e+01
5.820000000000000000e+02,1.277843314286775289e+01
5.830000000000000000e+02,1.278035240710470788e+01
5.840000000000000000e+02,1.278225404324116354e+01
5.850000000000000000e+02,1.278413677766653223e+01
5.860000000000000000e+02,1.278600191587524826e+01
5.870000000000000000e+02,1.278784947318329479e+01
5.880000000000000000e+02,1.278967896380544111e+01
5.890000000000000000e+02,1.279149183402740242e+01
5.900000000000000000e+02,1.279328666744624243e+01
5.910000000000000000e+02,1.279506448021161091e+01
5.920000000000000000e+02,1.279682564385646160e+01
5.930000000000000000e+02,1.279857017205740810e+01
5.940000000000000000e+02,1.280029764968259975e+01
5.950000000000000000e+02,1.280200894757696517e+01
5.960000000000000000e+02,1.280370365021240175e+01
5.970000000000000000e+02,1.280538269874683799e+01
5.980000000000000000e+02,1.280704517763273920e+01
5.990000000000000000e+02,1.280869202727815370e+01
6.000000000000000000e+02,1.281032361634579964e+01
6.010000000000000000e+02,1.281193910066330588e+01
6.020000000000000000e+02,1.281353934792372229e+01
6.030000000000000000e+02,1.281512444077045032e+01
6.040000000000000000e+02,1.281669439039817604e+01
6.050000000000000000e+02,1.281824913664136822e+01
6.060000000000000000e+02,1.281978918910779264e+01
6.070000000000000000e+02,1.282131491439368887e+01
6.080000000000000000e+02,1.282282553955084481e+01
6.090000000000000000e+02,1.282432185815654258e+01
6.100000000000000000e+02,1.282580444946843556e+01
6.110000000000000000e+02,1.282727232694308306e+01
6.120000000000000000e+02,1.282872635418141982e+01
6.130000000000000000e+02,1.283016710946090733e+01
6.140000000000000000e+02,1.283159317975468028e+01
6.150000000000000000e+02,1.283300635183893768e+01
6.160000000000000000e+02,1.283440578141489397e+01
6.170000000000000000e+02,1.283579233003770703e+01
6.180000000000000000e+02,1.283716515360362642e+01
6.190000000000000000e+02,1.283852511312282374e+01
6.200000000000000000e+02,1.283987171970454177e+01
6.210000000000000000e+02,1.284120597558115939e+01
6.220000000000000000e+02,1.284252739159309797e+01
6.230000000000000000e+02,1.284383633044242501e+01
6.240000000000000000e+02,1.284513251594257177e+01
6.250000000000000000e+02,1.284641631044946664e+01
6.260000000000000000e+02,1.284768814687633842e+01
6.270000000000000000e+02,1.284894767777616664e+01
6.280000000000000000e+02,1.285019519392388787e+01
6.290000000000000000e+02,1.285143084404715275e+01
6.300000000000000000e+02,1.285265498928541561e+01
6.310000000000000000e+02,1.285386721108760000e+01
6.320000000000000000e+02,1.285506794120000684e+01
6.330000000000000000e+02,1.285625725686449172e+01
6.340000000000000000e+02,1.285743509358383818e+01
6.350000000000000000e+02,1.285860188243520419e+01
6.360000000000000000e+02,1.285975727548570191e+01
6.370000000000000000e+02,1.286090212813266120e+01
6.380000000000000000e+02,1.286203545534128523e+01
6.390000000000000000e+02,1.286315825365831778e+01
6.400000000000000000e+02,1.286427052857972519e+01
6.410000000000000000e+02,1.286537221482329585e+01
6.420000000000000000e+02,1.286646296425369762e+01
6.430000000000000000e+02,1.286754356011496547e+01
6.440000000000000000e+02,1.286861407819492520e+01
6.450000000000000000e+02,1.286967402877306021e+01
6.460000000000000000e+02,1.287072433569929686e+01
6.470000000000000000e+02,1.287176415583914313e+01
6.480000000000000000e+02,1.287279427132453868e+01
6.490000000000000000e+02,1.287381475743185710e+01
6.500000000000000000e+02,1.287482519500808920e+01
6.510000000000000000e+02,1.287582594181601969e+01
6.520000000000000000e+02,1.287681749654790408e+01
6.530000000000000000e+02,1.287779943991466780e+01
6.540000000000000000e+02,1.287877177630130809e+01
6.550000000000000000e+02,1.287973528627412634e+01
6.560000000000000000e+02,1.288068969156107890e+01
6.570000000000000000e+02,1.288163443183695200e+01
6.580000000000000000e+02,1.288257042829842014e+01
6.590000000000000000e+02,1.288349768474666668e+01
6.600000000000000000e+02,1.288441578185708281e+01
6.610000000000000000e+02,1.288532556959334485e+01
6.620000000000000000e+02,1.288622613503163805e+01
6.630000000000000000e+02,1.288711846882226730e+01
6.640000000000000000e+02,1.288800208104731304e+01
6.650000000000000000e+02,1.288887775041107453e+01
6.660000000000000000e+02,1.288974477557810161e+01
6.670000000000000000e+02,1.289060308958157819e+01
6.680000000000000000e+02,1.289145389333599567e+01
6.690000000000000000e+02,1.289229648552162466e+01
6.700000000000000000e+02,1.289313079893134528e+01
6.710000000000000000e+02,1.289395725923462166e+01
6.720000000000000000e+02,1.289477593984583059e+01
6.730000000000000000e+02,1.289558628058027878e+01
6.740000000000000000e+02,1.289638919956606955e+01
6.750000000000000000e+02,1.289718476994418772e+01
6.760000000000000000e+02,1.289797250186174438e+01
6.770000000000000000e+02,1.289875282033336923e+01
6.780000000000000000e+02,1.289952572804383557e+01
6.790000000000000000e+02,1.290029129799271779e+01
6.800000000000000000e+02,1.290104946245395645e+01
6.810000000000000000e+02,1.290180022403315263e+01
6.820000000000000000e+02,1.290254400721004657e+01
6.830000000000000000e+02,1.290328088470174350e+01
6.840000000000000000e+02,1.290401036676392010e+01
6.850000000000000000e+02,1.290473287765742505e+01
6.860000000000000000e+02,1.290544891171494690e+01
6.870000000000000000e+02,1.290615797914628082e+01
6.880000000000000000e+02,1.290686008224331438e+01
6.890000000000000000e+02,1.290755571510979038e+01
6.900000000000000000e+02,1.290824445830564038e+01
6.910000000000000000e+02,1.290892659502127771e+01
6.920000000000000000e+02,1.290960268926628451e+01
6.930000000000000000e+02,1.291027190014430381e+01
6.940000000000000000e+02,1.291093500227154856e+01
6.950000000000000000e+02,1.291159164643554291e+01
6.960000000000000000e+02,1.291224218565908011e+01
6.970000000000000000e+02,1.291288627076328765e+01
6.980000000000000000e+02,1.291352425466241094e+01
6.990000000000000000e+02,1.291415613916167260e+01
7.000000000000000000e+02,1.291478248751688263e+01
7.010000000000000000e+02,1.291540224868377074e+01
7.020000000000000000e+02,1.291601647710797529e+01
7.030000000000000000e+02,1.291662461305699061e+01
7.040000000000000000e+02,1.291722714934789451e+01
7.050000000000000000e+02,1.291782359649156220e+01
7.060000000000000000e+02,1.291841486804533190e+01
7.070000000000000000e+02,1.291900005363744519e+01
7.080000000000000000e+02,1.291957964583943053e+01
7.090000000000000000e+02,1.292015406690558343e+01
7.100000000000000000e+02,1.292072289749875758e+01
7.110000000000000000e+02,1.292128606898038612e+01
7.120000000000000000e+02,1.292184407357611420e+01
7.130000000000000000e+02,1.292239691262244961e+01
7.140000000000000000e+02,1.292294409677870526e+01
7.150000000000000000e+02,1.292348611810274761e+01
7.160000000000000000e+02,1.292402339839105707e+01
7.170000000000000000e+02,1.292455509789486001e+01
7.180000000000000000e+02,1.292508205885063965e+01
7.190000000000000000e+02,1.292560379195313303e+01
7.200000000000000000e+02,1.292612036852710844e+01
7.210000000000000000e+02,1.292663221013684982e+01
7.220000000000000000e+02,1.292713931790555471e+01
7.230000000000000000e+02,1.292764162290176166e+01
7.240000000000000000e+02,1.292813884608909625e+01
7.250000000000000000e+02,1.292863126877176327e+01
7.260000000000000000e+02,1.292911938224117385e+01
7.270000000000000000e+02,1.292960276733548852e+01
7.280000000000000000e+02,1.293008142511390979e+01
7.290000000000000000e+02,1.293055535662502642e+01
7.300000000000000000e+02,1.293102498295092140e+01
7.310000000000000000e+02,1.293148981501223282e+01
7.320000000000000000e+02,1.293195083380423682e+01
7.330000000000000000e+02,1.293240713024044020e+01
7.340000000000000000e+02,1.293285863533184710e+01
7.350000000000000000e+02,1.293330625985541893e+01
7.360000000000000000e+02,1.293374965472660953e+01
7.370000000000000000e+02,1.293418868086810747e+01
7.380000000000000000e+02,1.293462389891572251e+01
7.390000000000000000e+02,1.293505433014496298e+01
7.400000000000000000e+02,1.293548095493830274e+01
7.410000000000000000e+02,1.293590363413889399e+01
7.420000000000000000e+02,1.293632250841934095e+01
7.430000000000000000e+02,1.293673701895364836e+01
7.440000000000000000e+02,1.293714730646202149e+01
7.450000000000000000e+02,1.293755407111421007e+01
7.460000000000000000e+02,1.293795703384454221e+01
7.470000000000000000e+02,1.293835612543463220e+01
7.480000000000000000e+02,1.293875085713377260e+01
7.490000000000000000e+02,1.293914262813000882e+01
7.500000000000000000e+02,1.293953011056904856e+01
7.510000000000000000e+02,1.293991421406625797e+01
7.520000000000000000e+02,1.294029437996604948e+01
7.530000000000000000e+02,1.294067109828292672e+01
7.540000000000000000e+02,1.294104402012346178e+01
7.550000000000000000e+02,1.294141342572339859e+01
7.560000000000000000e+02,1.294177987481263870e+01
7.570000000000000000e+02,1.294214204003757196e+01
7.580000000000000000e+02,1.294250118001543370e+01
7.590000000000000000e+02,1.294285694585229862e+01
7.600000000000000000e+02,1.294320919835286077e+01
7.610000000000000000e+02,1.294355807783393431e+01
7.620000000000000000e+02,1.294390351497236580e+01
7.630000000000000000e+02,1.294424592950530339e+01
7.640000000000000000e+02,1.294458490274747753e+01
7.650000000000000000e+02,1.294492050509622061e+01
7.660000000000000000e+02,1.294525301648955562e+01
7.670000000000000000e+02,1.294558215800343959e+01
7.680000000000000000e+02,1.294590876830910275e+01
7.690000000000000000e+02,1.294623186998765618e+01
7.700000000000000000e+02,1.294655160324311183e+01
7.710000000000000000e+02,1.294686873677139793e+01
7.720000000000000000e+02,1.294718285195789242e+01
7.730000000000000000e+02,1.294749353026538863e+01
7.740000000000000000e+02,1.294780167992693443e+01
7.750000000000000000e+02,1.294810681254399398e+01
7.760000000000000000e+02,1.294840899836229120e+01
7.770000000000000000e+02,1.294870809816157120e+01
7.780000000000000000e+02,1.294900467087376761e+01
7.790000000000000000e+02,1.294929829798641485e+01
7.800000000000000000e+02,1.294958884028639190e+01
7.810000000000000000e+02,1.294987685661801713e+01
7.820000000000000000e+02,1.295016234731805582e+01
7.830000000000000000e+02,1.295044475433996212e+01
7.840000000000000000e+02,1.295072463644315164e+01
7.850000000000000000e+02,1.295100199395474938e+01
7.860000000000000000e+02,1.295127626889024874e+01
7.870000000000000000e+02,1.295154801992632265e+01
7.880000000000000000e+02,1.295181766607695550e+01
7.890000000000000000e+02,1.295208430046652381e+01
7.900000000000000000e+02,1.295234834212898001e+01
7.910000000000000000e+02,1.295261027980068391e+01
7.920000000000000000e+02,1.295286920670833375e+01
7.930000000000000000e+02,1.295312596043668840e+01
7.940000000000000000e+02,1.295338019241443206e+01
7.950000000000000000e+02,1.295363225175431943e+01
7.960000000000000000e+02,1.295388137134418649e+01
7.970000000000000000e+02,1.295412873740661830e+01
7.980000000000000000e+02,1.295437309454850272e+01
7.990000000000000000e+02,1.295461576840984286e+01
8.000000000000000000e+02,1.295485592217946547e+01
8.010000000000000000e+02,1.295509341664257441e+01
8.020000000000000000e+02,1.295532887979587855e+01
8.030000000000000000e+02,1.295556210263347374e+01
8.040000000000000000e+02,1.295579329461696361e+01
8.050000000000000000e+02,1.295602224675124958e+01
8.060000000000000000e+02,1.295624868033357302e+01
8.070000000000000000e+02,1.295647343241920169e+01
8.080000000000000000e+02,1.295669559669027748e+01
8.090000000000000000e+02,1.295691559177999252e+01
8.100000000000000000e+02,1.295713397571317671e+01
8.110000000000000000e+02,1.295734970280510723e+01
8.120000000000000000e+02,1.295756374941331224e+01
8.130000000000000000e+02,1.295777569739270874e+01
8.140000000000000000e+02,1.295798547723279981e+01
8.150000000000000000e+02,1.295819350742864806e+01
8.160000000000000000e+02,1.295839943958929297e+01
8.170000000000000000e+02,1.295860327391466882e+01
8.180000000000000000e+02,1.295880535914022325e+01
8.190000000000000000e+02,1.295900534690271932e+01
8.200000000000000000e+02,1.295920358591240884e+01
8.210000000000000000e+02,1.295939972782412575e+01
8.220000000000000000e+02,1.295959412132335054e+01
8.230000000000000000e+02,1.295978683626429984e+01
8.240000000000000000e+02,1.295997738493233875e+01
8.250000000000000000e+02,1.296016625536860367e+01
8.260000000000000000e+02,1.296035344771975595e+01
8.270000000000000000e+02,1.296053889244226909e+01
8.280000000000000000e+02,1.296072224125163963e+01
8.290000000000000000e+02,1.296090426086002445e+01
8.300000000000000000e+02,1.296108418486638847e+01
8.310000000000000000e+02,1.296126277993713316e+01
8.320000000000000000e+02,1.296143927971108312e+01
8.330000000000000000e+02,1.296161410242320322e+01
8.340000000000000000e+02,1.296178759658633517e+01
8.350000000000000000e+02,1.296195899589761069e+01
8.360000000000000000e+02,1.296212906691265232e+01
8.370000000000000000e+02,1.296229746138618921e+01
8.380000000000000000e+02,1.296246417944884399e+01
8.390000000000000000e+02,1.296262956956186407e+01
8.400000000000000000e+02,1.296279286551595256e+01
8.410000000000000000e+02,1.296295483376118085e+01
8.420000000000000000e+02,1.296311554405819599e+01
8.430000000000000000e+02,1.296327457854380505e+01
8.440000000000000000e+02,1.296343186768354450e+01
8.450000000000000000e+02,1.296358789919705856e+01
8.460000000000000000e+02,1.296374225524855639e+01
8.470000000000000000e+02,1.296389528422162307e+01
8.480000000000000000e+02,1.296404663795442325e+01
8.490000000000000000e+02,1.296419666481200039e+01
8.500000000000000000e+02,1.296434550418232945e+01
8.510000000000000000e+02,1.296449259897627471e+01
8.520000000000000000e+02,1.296463836718136164e+01
8.530000000000000000e+02,1.296478287853029698e+01
8.540000000000000000e+02,1.296492571525683601e+01
8.550000000000000000e+02,1.296506771315393891e+01
8.560000000000000000e+02,1.296520796697390665e+01
8.570000000000000000e+02,1.296534696429023903e+01
8.580000000000000000e+02,1.296548463554801778e+01
8.590000000000000000e+02,1.296562063266045506e+01
8.600000000000000000e+02,1.296575579132649558e+01
8.610000000000000000e+02,1.296588969381041068e+01
8.620000000000000000e+02,1.296602227056007450e+01
8.630000000000000000e+02,1.296615317351416330e+01
8.640000000000000000e+02,1.296628323829965623e+01
8.650000000000000000e+02,1.296641197758676078e+01
8.660000000000000000e+02,1.296653946107878674e+01
8.670000000000000000e+02,1.296666568884978510e+01
8.680000000000000000e+02,1.296679100908147930e+01
8.690000000000000000e+02,1.296691465600266291e+01
8.700000000000000000e+02,1.296703746513748001e+01
8.710000000000000000e+02,1.296715901882716615e+01
8.720000000000000000e+02,1.296727924752587668e+01
8.730000000000000000e+02,1.296739863861339259e+01
8.740000000000000000e+02,1.296751677445266360e+01
8.750000000000000000e+02,1.296763365511228727e+01
8.760000000000000000e+02,1.296774962871705483e+01
8.770000000000000000e+02,1.296786434726485560e+01
8.780000000000000000e+02,1.296797774121335500e+01
8.790000000000000000e+02,1.296809036749387190e+01
8.800000000000000000e+02,1.296820208693333498e+01
8.810000000000000000e+02,1.296831255155189666e+01
8.820000000000000000e+02,1.296842176141367631e+01
8.830000000000000000e+02,1.296853006459710045e+01
8.840000000000000000e+02,1.296863753074943304e+01
8.850000000000000000e+02,1.296874374230801408e+01
8.860000000000000000e+02,1.296884869933447604e+01
8.870000000000000000e+02,1.296895316747288618e+01
8.880000000000000000e+02,1.296905638117597093e+01
8.890000000000000000e+02,1.296915875808118201e+01
8.900000000000000000e+02,1.296925988065710911e+01
8.910000000000000000e+02,1.296936009693292746e+01
8.920000000000000000e+02,1.296945954613669727e+01
8.930000000000000000e+02,1.296955808911975616e+01
8.940000000000000000e+02,1.296965530837783831e+01
8.950000000000000000e+02,1.296975217822900817e+01
8.960000000000000000e+02,1.296984772444487000e+01
8.970000000000000000e+02,1.296994243419887916e+01
8.980000000000000000e+02,1.297003589000660995e+01
8.990000000000000000e+02,1.297012892695249597e+01
9.000000000000000000e+02,1.297022105796055058e+01
9.010000000000000000e+02,1.297031193514997049e+01
9.020000000000000000e+02,1.297040239356846314e+01
9.030000000000000000e+02,1.297049159825013120e+01
9.040000000000000000e+02,1.297058038421879012e+01
9.050000000000000000e+02,1.297066784695084607e+01
9.060000000000000000e+02,1.297075489102859791e+01
9.070000000000000000e+02,1.297084109899967075e+01
9.080000000000000000e+02,1.297092605343363658e+01
9.090000000000000000e+02,1.297101058929646555e+01
9.100000000000000000e+02,1.297109421957609676e+01
9.110000000000000000e+02,1.297117701388215671e+01
9.120000000000000000e+02,1.297125897224665536e+01
9.130000000000000000e+02,1.297134009470127403e+01
9.140000000000000000e+02,1.297142079870931930e+01
9.150000000000000000e+02,1.297150059728849669e+01
9.160000000000000000e+02,1.297157956004250323e+01
9.170000000000000000e+02,1.297165768700186383e+01
9.180000000000000000e+02,1.297173497819677479e+01
9.190000000000000000e+02,1.297181185106388135e+01
9.200000000000000000e+02,1.297188781864922547e+01
9.210000000000000000e+02,1.297196302011694868e+01
9.220000000000000000e+02,1.297203731636295210e+01
9.230000000000000000e+02,1.297211119437043259e+01
9.240000000000000000e+02,1.297218423677089305e+01
9.250000000000000000e+02,1.297225679140767340e+01
9.260000000000000000e+02,1.297232858004814382e+01
9.270000000000000000e+02,1.297239946359474771e+01
9.280000000000000000e+02,1.297246992900232065e+01
9.290000000000000000e+02,1.297253955892456645e+01
9.300000000000000000e+02,1.297260877074388397e+01
9.310000000000000000e+02,1.297267714712258346e+01
9.320000000000000000e+02,1.297274461852929583e+01
9.330000000000000000e+02,1.297281174144883487e+01
9.340000000000000000e+02,1.297287837677930966e+01
9.350000000000000000e+02,1.297294417675750644e+01
9.360000000000000000e+02,1.297300914140883954e+01
9.370000000000000000e+02,1.297307368808398387e+01
9.380000000000000000e+02,1.297313774724184121e+01
9.390000000000000000e+02,1.297320104068527691e+01
9.400000000000000000e+02,1.297326384664559207e+01
9.410000000000000000e+02,1.297332581737917145e+01
9.420000000000000000e+02,1.297338737021534172e+01
9.430000000000000000e+02,1.297344850516600268e+01
9.440000000000000000e+02,1.297350880494540171e+01
9.450000000000000000e+02,1.297356820002787536e+01
9.460000000000000000e+02,1.297362766411483115e+01
9.470000000000000000e+02,1.297368622353674539e+01
9.480000000000000000e+02,1.297374436514761697e+01
9.490000000000000000e+02,1.297380167167996312e+01
9.500000000000000000e+02,1.297385897770605467e+01
9.510000000000000000e+02,1.297391544868313318e+01
9.520000000000000000e+02,1.297397101508836315e+01
9.530000000000000000e+02,1.297402665056167059e+01
9.540000000000000000e+02,1.297408138149295098e+01
9.550000000000000000e+02,1.297413576424811588e+01
9.560000000000000000e+02,1.297418965975132465e+01
9.570000000000000000e+02,1.297424272030609771e+01
9.580000000000000000e+02,1.297429578042687126e+01
9.590000000000000000e+02,1.297434793608593040e+01
9.600000000000000000e+02,1.297439974362545811e+01
9.610000000000000000e+02,1.297445064673783932e+01
9.620000000000000000e+02,1.297450161898975196e+01
9.630000000000000000e+02,1.297455210407231085e+01
9.640000000000000000e+02,1.297460175430749985e+01
9.650000000000000000e+02,1.297465098693860597e+01
9.660000000000000000e+02,1.297469980197513451e+01
9.670000000000000000e+02,1.297474861664434798e+01
9.680000000000000000e+02,1.297479659651683193e+01
9.690000000000000000e+02,1.297484367207582068e+01
9.700000000000000000e+02,1.297489081682798862e+01
9.710000000000000000e+02,1.297493747449761337e+01
9.720000000000000000e+02,1.297498371462898703e+01
9.730000000000000000e+02,1.297502960676433226e+01
9.740000000000000000e+02,1.297507452511576176e+01
9.750000000000000000e+02,1.297511951268851327e+01
9.760000000000000000e+02,1.297516366556709322e+01
9.770000000000000000e+02,1.297520781814518109e+01
9.780000000000000000e+02,1.297525155323731383e+01
9.790000000000000000e+02,1.297529438413876868e+01
9.800000000000000000e+02,1.297533728428745370e+01
9.810000000000000000e+02,1.297537969744569786e+01
9.820000000000000000e+02,1.297542127597758288e+01
9.830000000000000000e+02,1.297546285424300194e+01
9.840000000000000000e+02,1.297550401507272255e+01
9.850000000000000000e+02,1.297554475847469213e+01
9.860000000000000000e+02,1.297558508445676750e+01
9.870000000000000000e+02,1.297562499302673800e+01
9.880000000000000000e+02,1.297566441466581466e+01
9.890000000000000000e+02,1.297570390559142339e+01
9.900000000000000000e+02,1.297574249244324029e+01
9.910000000000000000e+02,1.297578114859079612e+01
9.920000000000000000e+02,1.297581890068526178e+01
9.930000000000000000e+02,1.297585665256005427e+01
9.940000000000000000e+02,1.297589398707101971e+01
9.950000000000000000e+02,1.297593090422535766e+01
9.960000000000000000e+02,1.297596782116963432e+01
9.970000000000000000e+02,1.297600390362969591e+01
9.980000000000000000e+02,1.297603998588908780e+01
9.990000000000000000e+02,1.297607565081533210e+01
1.000000000000000000e+03,1.297611082889360823e+01
1.001000000000000000e+03,1.297614565917450058e+01
1.002000000000000000e+03,1.297618041974745395e+01
1.003000000000000000e+03,1.297621483253122676e+01
1.004000000000000000e+03,1.297624875849090564e+01
1.005000000000000000e+03,1.297628226715399080e+01
1.006000000000000000e+03,1.297631535852694817e+01
1.007000000000000000e+03,1.297634844973112855e+01
1.008000000000000000e+03,1.297638112365370056e+01
1.009000000000000000e+03,1.297641338030096136e+01
1.010000000000000000e+03,1.297644563678785268e+01
1.011000000000000000e+03,1.297647747600773727e+01
1.012000000000000000e+03,1.297650882844931175e+01
1.013000000000000000e+03,1.297653983315385062e+01
1.014000000000000000e+03,1.297657076819345612e+01
1.015000000000000000e+03,1.297660135550333216e+01
1.016000000000000000e+03,1.297663145605614332e+01
1.017000000000000000e+03,1.297666162598511619e+01
1.018000000000000000e+03,1.297669130916541924e+01
1.019000000000000000e+03,1.297672057511890920e+01
1.020000000000000000e+03,1.297674984094039452e+01
1.021000000000000000e+03,1.297677868954259139e+01
1.022000000000000000e+03,1.297680712093106870e+01
1.023000000000000000e+03,1.297683555219496299e+01
1.024000000000000000e+03,1.297686356625244741e+01
1.025000000000000000e+03,1.297689116310892743e+01
1.026000000000000000e+03,1.297691869033498335e+01
1.027000000000000000e+03,1.297694586988047227e+01
1.028000000000000000e+03,1.297697304931210738e+01
1.029000000000000000e+03,1.297699974204464368e+01
1.030000000000000000e+03,1.297702608710788219e+01
1.031000000000000000e+03,1.297705236255253780e+01
1.032000000000000000e+03,1.297707822082275797e+01
1.033000000000000000e+03,1.297710373143460494e+01
1.034000000000000000e+03,1.297712917243535813e+01
1.035000000000000000e+03,1.297715461333635645e+01
1.036000000000000000e+03,1.297717963707609634e+01
1.037000000000000000e+03,1.297720424365940062e+01
1.038000000000000000e+03,1.297722885014938932e+01
1.039000000000000000e+03,1.297725303948927156e+01
1.040000000000000000e+03,1.297727722873897704e+01
1.041000000000000000e+03,1.297730100084479865e+01
1.042000000000000000e+03,1.297732428630260948e+01
1.043000000000000000e+03,1.297734764118531459e+01
1.044000000000000000e+03,1.297737099598395893e+01
1.045000000000000000e+03,1.297739386414284546e+01
1.046000000000000000e+03,1.297741680172885204e+01
1.047000000000000000e+03,1.297743883563662948e+01
1.048000000000000000e+03,1.297746135602025674e+01
1.049000000000000000e+03,1.297748338977674187e+01
1.050000000000000000e+03,1.297750500641780746e+01
1.051000000000000000e+03,1.297752669249339696e+01
1.052000000000000000e+03,1.297754830899020462e+01
1.053000000000000000e+03,1.297756950837854717e+01
1.054000000000000000e+03,1.297759029066251202e+01
1.055000000000000000e+03,1.297761148991369851e+01
1.056000000000000000e+03,1.297763185503076144e+01
1.057000000000000000e+03,1.297765222008390573e+01
1.058000000000000000e+03,1.297767258507313670e+01
1.059000000000000000e+03,1.297769253296990755e+01
1.060000000000000000e+03,1.297771248080535500e+01
1.061000000000000000e+03,1.297773201155347067e+01
1.062000000000000000e+03,1.297775154224279959e+01
1.063000000000000000e+03,1.297777100336942446e+01
1.064000000000000000e+03,1.297779011691912032e+01
1.065000000000000000e+03,1.297780881339144265e+01
1.066000000000000000e+03,1.297782744030658009e+01
1.067000000000000000e+03,1.297784613667136000e+01
1.068000000000000000e+03,1.297786476347935825e+01
1.069000000000000000e+03,1.297788262570396967e+01
1.070000000000000000e+03,1.297790083539206840e+01
1.071000000000000000e+03,1.297791862801504692e+01
1.072000000000000000e+03,1.297793649009138406e+01
1.073000000000000000e+03,1.297795386560484943e+01
1.074000000000000000e+03,1.297797124107178490e+01
1.075000000000000000e+03,1.297798819948265070e+01
1.076000000000000000e+03,1.297800564435906168e+01
1.077000000000000000e+03,1.297802218567265697e+01
1.078000000000000000e+03,1.297803914395038305e+01
1.079000000000000000e+03,1.297805568517858532e+01
1.080000000000000000e+03,1.297807180936044880e+01
1.081000000000000000e+03,1.297808835050538434e+01
1.082000000000000000e+03,1.297810405760398034e+01
1.083000000000000000e+03,1.297812018166564663e+01
1.084000000000000000e+03,1.297813581918718562e+01
1.085000000000000000e+03,1.297815152617088152e+01
1.086000000000000000e+03,1.297816681611849354e+01
1.087000000000000000e+03,1.297818210603007927e+01
1.088000000000000000e+03,1.297819732640628310e+01
1.089000000000000000e+03,1.297821261624597788e+01
1.090000000000000000e+03,1.297822748905548096e+01
1.091000000000000000e+03,1.297824187533877982e+01
1.092000000000000000e+03,1.297825674808121832e+01
1.093000000000000000e+03,1.297827113429965173e+01
1.094000000000000000e+03,1.297828558998459947e+01
1.095000000000000000e+03,1.297829955914955313e+01
1.096000000000000000e+03,1.297831359778254701e+01
1.097000000000000000e+03,1.297832756688720934e+01
1.098000000000000000e+03,1.297834160545960813e+01
1.099000000000000000e+03,1.297835515751801516e+01
1.100000000000000000e+03,1.297836870954812127e+01
1.101000000000000000e+03,1.297838184456567667e+01
1.102000000000000000e+03,1.297839504905387820e+01
1.103000000000000000e+03,1.297840818401811802e+01
1.104000000000000000e+03,1.297842131895577111e+01
1.105000000000000000e+03,1.297843445386683747e+01
1.106000000000000000e+03,1.297844717177126661e+01
1.107000000000000000e+03,1.297845947267150990e+01
1.108000000000000000e+03,1.297847219052690448e+01
1.109000000000000000e+03,1.297848449137972260e+01
1.110000000000000000e+03,1.297849679220922425e+01
1.111000000000000000e+03,1.297850909301540945e+01
1.112000000000000000e+03,1.297852097682296701e+01
1.113000000000000000e+03,1.297853286060876243e+01
1.114000000000000000e+03,1.297854474437279393e+01
1.115000000000000000e+03,1.297855662811506328e+01
1.116000000000000000e+03,1.297856809486329155e+01
1.117000000000000000e+03,1.297857956159125692e+01
1.118000000000000000e+03,1.297859095880382085e+01
1.119000000000000000e+03,1.297860242549138476e+01
1.120000000000000000e+03,1.297861347518932007e+01
1.121000000000000000e+03,1.297862452486844376e+01
1.122000000000000000e+03,1.297863550503408980e+01
1.123000000000000000e+03,1.297864613770843434e+01
1.124000000000000000e+03,1.297865718733193852e+01
1.125000000000000000e+03,1.297866775047644339e+01
1.126000000000000000e+03,1.297867838309795552e+01
1.127000000000000000e+03,1.297868852924341354e+01
1.128000000000000000e+03,1.297869916183087824e+01
1.129000000000000000e+03,1.297870930794385025e+01
1.130000000000000000e+03,1.297871952353471769e+01
1.131000000000000000e+03,1.297872925265392929e+01
1.132000000000000000e+03,1.297873946821340141e+01
1.133000000000000000e+03,1.297874919730270982e+01
1.134000000000000000e+03,1.297875892637743256e+01
1.135000000000000000e+03,1.297876872493080214e+01
1.136000000000000000e+03,1.297877803701745769e+01
1.137000000000000000e+03,1.297878776604894036e+01
1.138000000000000000e+03,1.297879714760120251e+01
1.139000000000000000e+03,1.297880645964707114e+01
1.140000000000000000e+03,1.297881577167957801e+01
1.141000000000000000e+03,1.297882466674292701e+01
1.142000000000000000e+03,1.297883363128662282e+01
1.143000000000000000e+03,1.297884294328013866e+01
1.144000000000000000e+03,1.297885142135216618e+01
1.145000000000000000e+03,1.297886031636664939e+01
1.146000000000000000e+03,1.297886921136894323e+01
1.147000000000000000e+03,1.297887768940665332e+01
1.148000000000000000e+03,1.297888616743328782e+01
1.149000000000000000e+03,1.297889471494073277e+01
1.150000000000000000e+03,1.297890319294512373e+01
1.151000000000000000e+03,1.297891125398820833e+01
1.152000000000000000e+03,1.297891973197099169e+01
1.153000000000000000e+03,1.297892779299353450e+01
1.154000000000000000e+03,1.297893585400605865e+01
1.155000000000000000e+03,1.297894391500857303e+01
1.156000000000000000e+03,1.297895148956215472e+01
1.157000000000000000e+03,1.297895955054524642e+01
1.158000000000000000e+03,1.297896719457168579e+01
1.159000000000000000e+03,1.297897483858912437e+01
1.160000000000000000e+03,1.297898248259755682e+01
1.161000000000000000e+03,1.297899012659698492e+01
1.162000000000000000e+03,1.297899735364271123e+01
1.163000000000000000e+03,1.297900492813391793e+01
1.164000000000000000e+03,1.297901215516316142e+01
1.165000000000000000e+03,1.297901938218435269e+01
1.166000000000000000e+03,1.297902660919749884e+01
1.167000000000000000e+03,1.297903383620259454e+01
1.168000000000000000e+03,1.297904057676740130e+01
1.169000000000000000e+03,1.297904780375694322e+01
1.170000000000000000e+03,1.297905461379741432e+01
1.171000000000000000e+03,1.297906135434064190e+01
1.172000000000000000e+03,1.297906816436689148e+01
1.173000000000000000e+03,1.297907497438599655e+01
1.174000000000000000e+03,1.297908171490807483e+01
1.175000000000000000e+03,1.297908810797409274e+01
1.176000000000000000e+03,1.297909484848253037e+01
1.177000000000000000e+03,1.297910124153560574e+01
1.178000000000000000e+03,1.297910763458238748e+01
1.179000000000000000e+03,1.297911395813333257e+01
1.180000000000000000e+03,1.297912035116758744e+01
1.181000000000000000e+03,1.297912625776972106e+01
1.182000000000000000e+03,1.297913265079185940e+01
1.183000000000000000e+03,1.297913855738280020e+01
1.184000000000000000e+03,1.297914495039282023e+01
1.185000000000000000e+03,1.297915085697256821e+01
1.186000000000000000e+03,1.297915683303601675e+01
1.187000000000000000e+03,1.297916273960494848e+01
1.188000000000000000e+03,1.297916822923478364e+01
1.189000000000000000e+03,1.297917420528223253e+01
1.190000000000000000e+03,1.297917969490237056e+01
1.191000000000000000e+03,1.297918567093926256e+01
1.192000000000000000e+03,1.297919116054969990e+01
1.193000000000000000e+03,1.297919665015549207e+01
1.194000000000000000e+03,1.297920220924523349e+01
1.195000000000000000e+03,1.297920769884168024e+01
1.196000000000000000e+03,1.297921277150262398e+01
1.197000000000000000e+03,1.297921833057855245e+01
1.198000000000000000e+03,1.297922340323118817e+01
1.199000000000000000e+03,1.297922889280970615e+01
1.200000000000000000e+03,1.297923396545408181e+01
